SO.com Questions:
Median: 23,0
Mode: 3
Mean: 41.09
STD: 54.35


SO.com Answers:
Median: 11,0
Mode: 3
Mean: 19.36
STD: 29.55

SO.ru Questions:
Median: 23,0
Mode: 3
Mean: 36.297808
STD: 43.613006

SO.ru Answers:
Median: 10,0
Mode: 3
Mean: 16.68
STD: 25.70